[global]
    N = 100
    dt = 0.0001 # 2.4615384257724927e-35 # usar o menor valor entre Pe/10 e St/10
    t_fim = 100 #10e-29
    nimpre = 100
    dimX = 2000
    dimY = 250
    Th = 2.5
    Tc = 1
    St0 = 0.001 #2.4615384257724927e-34
    Pe0 = 0.01 #1.696090887783087e-33
    Kn0 = 200
    rhof = 1 # sensitividade da diferença de densidade com temperature
    GField = 0 -1
    wall = 'eeee'
    x = -1 -1 # se negativo, a posição será aleatória
    